1383 0 2 0 1  
1383 1 2 1 0  
1383 2 2 4 5  
1383 3 2 5 4  
1383 4 2 10 11  
1383 5 3 11 10 742  
1383 6 6 12 13 29 30 52 53  
1383 7 12 22 113 23 237 238 263 350 48 59 71 72 73  
1383 8 5 23 113 22 49 58  
1383 9 9 25 120 122 263 350 59 71 72 73  
1383 10 5 26 428 479 489 598  
1383 11 6 30 12 13 29 52 53  
1383 12 9 33 155 263 34 350 59 71 72 73  
1383 13 4 34 155 33 58  
1383 14 2 37 38  
1383 15 5 40 277 63 64 76  
1383 16 2 43 67  
1383 17 2 44 67  
1383 18 4 46 251 420 553  
1383 19 12 48 113 22 237 238 263 350 49 59 71 72 73  
1383 20 6 49 23 237 238 48 58  
1383 21 4 54 145 246 55  
1383 22 5 56 1065 1141 1355 777  
1383 23 6 58 23 263 34 49 59  
1383 24 17 59 113 120 122 155 22 237 238 25 263 33 350 48 58 71 72 73  
1383 25 6 60 446 61 63 64 76  
1383 26 6 61 446 60 63 64 76  
1383 27 7 63 40 446 60 61 64 76  
1383 28 7 64 40 446 60 61 63 76  
1383 29 3 67 43 44  
1383 30 14 68 524 577 622 663 664 689 69 70 74 81 86 87 91  
1383 31 14 69 524 577 622 663 664 68 689 70 74 81 86 87 91  
1383 32 14 70 524 577 622 663 664 68 689 69 74 81 86 87 91  
1383 33 16 72 113 120 122 155 22 237 238 25 263 33 350 48 59 71 73  
1383 34 14 74 524 577 622 663 664 68 689 69 70 81 86 87 91  
1383 35 7 76 40 446 60 61 63 64  
1383 36 2 80 79  
1383 37 14 81 524 577 622 663 664 68 689 69 70 74 86 87 91  
1383 38 15 86 524 577 622 663 664 68 689 69 70 74 81 87 88 91  
1383 39 14 87 524 577 622 663 664 68 689 69 70 74 81 86 91  
1383 40 9 88 524 577 613 622 663 664 86 91  
1383 41 2 90 1232  
1383 42 2 95 199  
1383 43 3 99 360 436  
1383 44 6 103 100 101 102 104 105  
1383 45 6 104 100 101 102 103 105  
1383 46 2 109 388  
1383 47 2 110 215  
1383 48 8 111 1036 216 305 833 834 918 930  
1383 49 2 114 384  
1383 50 10 119 160 184 227 258 272 336 355 388 432  
1383 51 2 125 304  
1383 52 6 127 208 209 247 334 412  
1383 53 2 133 134  
1383 54 2 134 133  
1383 55 4 138 137 373 374  
1383 56 2 140 323  
1383 57 3 141 306 307  
1383 58 4 142 335 337 485  
1383 59 4 145 246 54 55  
1383 60 2 150 389  
1383 61 2 154 249  
1383 62 3 157 158 331  
1383 63 3 158 157 331  
1383 64 3 160 119 432  
1383 65 4 162 161 242 243  
1383 66 2 167 256  
1383 67 2 170 798  
1383 68 3 171 788 993  
1383 69 2 174 562  
1383 70 4 176 175 177 775  
1383 71 15 178 1231 165 254 269 270 345 346 506 507 508 523 564 565 567  
1383 72 2 179 180  
1383 73 4 181 131 245 283  
1383 74 7 184 119 227 272 336 355 432  
1383 75 2 187 186  
1383 76 2 188 279  
1383 77 2 189 282  
1383 78 7 191 1086 222 262 545 629 842  
1383 79 3 197 360 436  
1383 80 2 198 231  
1383 81 2 199 95  
1383 82 9 206 231 28 360 436 448 459 505 563  
1383 83 6 208 127 209 247 334 412  
1383 84 6 209 127 208 247 334 412  
1383 85 2 211 212  
1383 86 2 212 211  
1383 87 2 215 110  
1383 88 8 216 1036 111 305 833 834 918 930  
1383 89 2 217 309  
1383 90 7 222 1086 191 262 545 629 842  
1383 91 3 223 328 329  
1383 92 8 227 119 184 258 272 336 355 432  
1383 93 9 231 198 206 28 360 436 459 505 563  
1383 94 4 233 234 235 467  
1383 95 4 234 233 235 467  
1383 96 2 239 799  
1383 97 2 240 480  
1383 98 4 243 161 162 242  
1383 99 6 247 127 208 209 334 412  
1383 100 2 249 154  
1383 101 5 251 408 420 46 553  
1383 102 2 252 554  
1383 103 2 255 999  
1383 104 2 256 167  
1383 105 7 258 119 227 272 336 355 432  
1383 106 7 262 1086 191 222 545 629 842  
1383 107 3 264 788 993  
1383 108 3 267 268 467  
1383 109 3 268 267 467  
1383 110 9 272 119 184 227 258 336 355 388 432  
1383 111 2 273 274  
1383 112 2 274 273  
1383 113 5 275 356 425 433 666  
1383 114 3 277 40 446  
1383 115 2 279 188  
1383 116 2 282 189  
1383 117 4 283 131 181 245  
1383 118 2 286 1040  
1383 119 3 289 369 443  
1383 120 2 291 397  
1383 121 2 298 393  
1383 122 2 299 300  
1383 123 2 301 302  
1383 124 2 304 125  
1383 125 8 305 1036 111 216 833 834 918 930  
1383 126 3 306 141 307  
1383 127 5 308 1029 503 767 915  
1383 128 2 309 217  
1383 129 2 313 362  
1383 130 2 316 493  
1383 131 2 319 116  
1383 132 2 323 140  
1383 133 3 325 404 405  
1383 134 3 328 223 329  
1383 135 3 329 223 328  
1383 136 3 331 157 158  
1383 137 2 332 513  
1383 138 2 333 614  
1383 139 6 334 127 208 209 247 412  
1383 140 4 335 142 337 485  
1383 141 9 336 119 184 227 258 272 355 388 432  
1383 142 4 337 142 335 485  
1383 143 2 339 340  
1383 144 20 345 1229 1231 165 178 254 269 270 346 506 507 508 509 510 511 564 566 568 605 606  
1383 145 9 355 119 184 227 258 272 336 388 432  
1383 146 2 358 544  
1383 147 2 362 313  
1383 148 2 363 1021  
1383 149 2 364 893  
1383 150 2 365 467  
1383 151 2 367 628  
1383 152 3 369 289 443  
1383 153 2 370 814  
1383 154 2 372 385  
1383 155 4 374 137 138 373  
1383 156 2 376 1032  
1383 157 2 377 378  
1383 158 2 378 377  
1383 159 2 380 473  
1383 160 2 384 114  
1383 161 2 385 372  
1383 162 7 388 109 119 272 336 355 432  
1383 163 2 389 150  
1383 164 2 390 481  
1383 165 2 393 298  
1383 166 2 394 395  
1383 167 2 395 394  
1383 168 2 397 291  
1383 169 2 401 400  
1383 170 3 403 494 531  
1383 171 3 404 325 405  
1383 172 3 405 325 404  
1383 173 4 408 251 420 553  
1383 174 6 412 127 208 209 247 334  
1383 175 2 413 484  
1383 176 6 415 416 417 418 419 902  
1383 177 6 416 415 417 418 419 902  
1383 178 6 418 415 416 417 419 902  
1383 179 6 419 415 416 417 418 902  
1383 180 5 420 251 408 46 553  
1383 181 2 423 424  
1383 182 2 424 423  
1383 183 4 425 275 356 433  
1383 184 2 427 498  
1383 185 5 428 26 479 489 598  
1383 186 10 432 119 160 184 227 258 272 336 355 388  
1383 187 11 436 197 206 231 28 360 448 459 505 563 99  
1383 188 2 438 1172  
1383 189 3 443 289 369  
1383 190 8 446 277 60 61 63 64 642 76  
1383 191 8 448 206 28 360 436 459 505 563  
1383 192 7 452 453 454 455 526 527 528  
1383 193 9 459 206 231 28 360 436 448 505 563  
1383 194 2 460 814  
1383 195 3 461 462 630  
1383 196 2 462 461  
1383 197 14 463 1064 1073 1122 1179 1206 1273 1274 604 810 831 904 905 981  
1383 198 7 467 233 234 235 267 268 365  
1383 199 2 471 543  
1383 200 2 473 380  
1383 201 5 479 26 428 489 598  
1383 202 2 480 240  
1383 203 2 481 390  
1383 204 4 485 142 335 337  
1383 205 5 489 26 428 479 598  
1383 206 2 491 512  
1383 207 2 493 316  
1383 208 3 494 403 630  
1383 209 5 496 1012 497 748 900  
1383 210 2 498 427  
1383 211 2 501 1004  
1383 212 5 503 1029 308 767 915  
1383 213 24 506 1229 1231 165 178 254 269 270 345 346 507 508 509 510 511 521 523 564 565 566 567 568 605 606  
1383 214 3 512 1176 491  
1383 215 2 513 332  
1383 216 7 520 519 522 574 575 610 611  
1383 217 17 521 1229 1231 506 507 508 509 510 511 523 564 565 566 567 568 605 606  
1383 218 15 524 577 622 663 664 68 689 69 70 74 81 86 87 88 91  
1383 219 2 525 578  
1383 220 8 527 452 453 454 455 526 528 578  
1383 221 2 530 1189  
1383 222 4 531 403 630 814  
1383 223 2 532 649  
1383 224 2 536 537  
1383 225 2 537 536  
1383 226 2 540 539  
1383 227 2 543 471  
1383 228 2 544 358  
1383 229 7 545 1086 191 222 262 629 842  
1383 230 2 547 548  
1383 231 5 553 251 408 420 46  
1383 232 2 554 252  
1383 233 2 562 174  
1383 234 9 563 206 231 28 360 436 448 459 505  
1383 235 20 567 1229 1231 178 269 270 506 507 508 509 510 511 521 523 564 565 566 568 605 606  
1383 236 21 568 1229 1231 165 254 345 346 506 507 508 509 510 511 521 523 564 565 566 567 605 606  
1383 237 3 572 615 691  
1383 238 7 574 519 520 522 575 610 611  
1383 239 6 576 584 609 612 619 621  
1383 240 15 577 524 622 663 664 68 689 69 70 74 81 86 87 88 91  
1383 241 5 578 525 526 527 528  
1383 242 2 580 1191  
1383 243 2 582 581  
1383 244 6 584 576 609 612 619 621  
1383 245 4 588 482 550 589  
1383 246 4 589 482 550 588  
1383 247 2 590 591  
1383 248 2 591 590  
1383 249 4 597 640 653 682  
1383 250 5 598 26 428 479 489  
1383 251 2 600 678  
1383 252 3 601 650 681  
1383 253 14 604 1064 1073 1122 1179 1206 1273 1274 463 810 831 904 905 981  
1383 254 2 613 88  
1383 255 2 614 333  
1383 256 2 617 618  
1383 257 2 618 617  
1383 258 2 624 623  
1383 259 2 628 367  
1383 260 7 629 1086 191 222 262 545 842  
1383 261 4 630 461 494 531  
1383 262 2 635 636  
1383 263 3 638 637 696  
1383 264 4 640 597 653 682  
1383 265 2 642 446  
1383 266 3 646 645 647  
1383 267 2 649 532  
1383 268 4 653 597 640 682  
1383 269 15 663 524 577 622 664 68 689 69 70 74 81 86 87 88 91  
1383 270 4 666 275 356 433  
1383 271 2 673 1322  
1383 272 2 675 676  
1383 273 2 676 675  
1383 274 2 677 694  
1383 275 3 681 601 650  
1383 276 4 682 597 640 653  
1383 277 14 689 524 577 622 663 664 68 69 70 74 81 86 87 91  
1383 278 3 691 572 615  
1383 279 2 694 677  
1383 280 3 696 637 638  
1383 281 2 698 697  
1383 282 3 711 699 700  
1383 283 2 713 712  
1383 284 2 721 695  
1383 285 2 725 724  
1383 286 3 728 727 729  
1383 287 2 731 823  
1383 288 3 740 838 939  
1383 289 2 742 11  
1383 290 10 745 1053 735 766 781 827 852 853 874 955  
1383 291 2 746 875  
1383 292 5 748 1012 496 497 900  
1383 293 12 754 1006 1007 1008 1009 751 752 753 870 871 872 873  
1383 294 2 755 949  
1383 295 2 756 878  
1383 296 2 757 879  
1383 297 2 758 880  
1383 298 2 761 762  
1383 299 2 762 761  
1383 300 2 763 764  
1383 301 2 764 763  
1383 302 8 766 1053 745 781 852 853 874 955  
1383 303 5 767 1029 308 503 915  
1383 304 4 768 1028 916 931  
1383 305 2 772 862  
1383 306 4 774 773 885 886  
1383 307 4 775 175 176 177  
1383 308 4 777 1065 1141 56  
1383 309 2 780 894  
1383 310 8 781 1053 745 766 852 853 874 955  
1383 311 6 782 1019 1020 1095 783 907  
1383 312 5 783 1019 1020 782 907  
1383 313 2 785 787  
1383 314 3 786 1035 901  
1383 315 2 787 785  
1383 316 4 788 171 264 993  
1383 317 6 795 1070 1119 1145 976 977  
1383 318 2 798 170  
1383 319 2 799 239  
1383 320 8 802 1053 735 827 829 852 927 955  
1383 321 3 803 828 928  
1383 322 2 804 818  
1383 323 13 810 1073 1122 1179 1206 1273 1274 463 604 831 904 905 981  
1383 324 3 811 1143 911  
1383 325 4 814 370 460 531  
1383 326 3 816 817 945  
1383 327 3 817 816 945  
1383 328 2 818 804  
1383 329 2 821 922  
1383 330 2 823 731  
1383 331 11 827 1053 735 745 802 829 852 853 874 927 955  
1383 332 3 828 803 928  
1383 333 6 829 1053 735 802 827 927  
1383 334 8 831 1073 1179 463 604 810 904 905  
1383 335 8 833 1036 111 216 305 834 918 930  
1383 336 2 835 1064  
1383 337 3 836 1267 1268  
1383 338 2 837 1283  
1383 339 7 842 1086 191 222 262 545 629  
1383 340 4 846 844 845 945  
1383 341 2 850 951  
1383 342 12 852 1053 735 745 766 781 802 827 853 874 927 955  
1383 343 11 853 1053 735 745 766 781 827 852 874 927 955  
1383 344 3 855 1153 856  
1383 345 2 856 855  
1383 346 2 858 859  
1383 347 2 859 858  
1383 348 2 860 961  
1383 349 2 862 772  
1383 350 7 864 1019 1020 863 865 907 969  
1383 351 12 871 1006 1007 1008 1009 751 752 753 754 870 872 873  
1383 352 11 874 1053 735 745 766 781 827 852 853 927 955  
1383 353 2 875 746  
1383 354 4 876 1019 1020 907  
1383 355 2 878 756  
1383 356 2 879 757  
1383 357 2 880 758  
1383 358 2 882 1024  
1383 359 3 884 1027 1098  
1383 360 4 885 773 774 886  
1383 361 3 890 1019 1020  
1383 362 2 893 364  
1383 363 2 894 780  
1383 364 2 896 1099  
1383 365 5 900 1012 496 497 748  
1383 366 3 901 1035 786  
1383 367 6 902 415 416 417 418 419  
1383 368 13 904 1073 1122 1179 1206 1273 1274 463 604 810 831 905 981  
1383 369 12 905 1073 1122 1179 1206 1274 463 604 810 831 904 981  
1383 370 10 907 1019 1020 1095 782 783 863 864 865 876  
1383 371 3 911 1143 811  
1383 372 5 915 1029 308 503 767  
1383 373 4 916 1028 768 931  
1383 374 8 918 1036 111 216 305 833 834 930  
1383 375 2 921 1142  
1383 376 2 922 821  
1383 377 10 927 1053 735 802 827 829 852 853 874 955  
1383 378 3 928 803 828  
1383 379 8 930 1036 111 216 305 833 834 918  
1383 380 4 931 1028 768 916  
1383 381 2 934 1109  
1383 382 2 935 936  
1383 383 2 936 935  
1383 384 3 939 740 838  
1383 385 7 945 1132 816 817 844 845 846  
1383 386 2 947 324  
1383 387 2 949 755  
1383 388 2 951 850  
1383 389 2 953 1044  
1383 390 2 954 1047  
1383 391 3 959 1238 1248  
1383 392 2 961 860  
1383 393 4 962 1109 963 964  
1383 394 4 963 1109 962 964  
1383 395 4 964 1109 962 963  
1383 396 4 965 1109 966 967  
1383 397 3 966 965 967  
1383 398 3 967 965 966  
1383 399 5 969 1095 863 864 865  
1383 400 6 970 1066 1067 1142 971 972  
1383 401 6 971 1066 1067 1142 970 972  
1383 402 6 972 1066 1067 1142 970 971  
1383 403 6 976 1070 1119 1145 795 977  
1383 404 6 977 1070 1119 1145 795 976  
1383 405 2 980 1150  
1383 406 8 981 1073 1179 463 604 810 904 905  
1383 407 4 985 1079 1080 984  
1383 408 2 986 1099  
1383 409 3 987 1138 1139  
1383 410 2 988 1228  
1383 411 4 993 171 264 788  
1383 412 2 996 1101  
1383 413 2 999 255  
1383 414 2 1001 1228  
1383 415 2 1004 501  
1383 416 12 1007 1006 1008 1009 751 752 753 754 870 871 872 873  
1383 417 5 1012 496 497 748 900  
1383 418 2 1017 1018  
1383 419 2 1018 1017  
1383 420 11 1019 1020 1095 782 783 863 864 865 876 890 907  
1383 421 2 1021 363  
1383 422 2 1024 882  
1383 423 3 1027 1098 884  
1383 424 4 1028 768 916 931  
1383 425 5 1029 308 503 767 915  
1383 426 2 1032 376  
1383 427 3 1035 786 901  
1383 428 8 1036 111 216 305 833 834 918 930  
1383 429 2 1039 1118  
1383 430 2 1040 286  
1383 431 2 1044 953  
1383 432 2 1047 954  
1383 433 13 1053 735 745 766 781 802 827 829 852 853 874 927 955  
1383 434 2 1055 1056  
1383 435 2 1056 1055  
1383 436 2 1059 477  
1383 437 5 1064 1073 463 604 835  
1383 438 6 1065 1141 1355 1371 56 777  
1383 439 6 1067 1066 1142 970 971 972  
1383 440 14 1073 1064 1122 1179 1206 1273 1274 463 604 810 831 904 905 981  
1383 441 2 1074 1098  
1383 442 2 1078 1077  
1383 443 4 1080 1079 984 985  
1383 444 3 1082 1193 1249  
1383 445 7 1086 191 222 262 545 629 842  
1383 446 3 1087 1088 1228  
1383 447 2 1088 1087  
1383 448 4 1091 1163 1226 1285  
1383 449 2 1092 1093  
1383 450 6 1095 1019 1020 782 907 969  
1383 451 4 1096 1120 1188 1204  
1383 452 4 1098 1027 1074 884  
1383 453 3 1099 896 986  
1383 454 2 1101 996  
1383 455 2 1103 1249  
1383 456 2 1105 1186  
1383 457 6 1109 934 962 963 964 965  
1383 458 2 1111 1207  
1383 459 2 1112 1208  
1383 460 4 1113 1317 1354 1377  
1383 461 2 1118 1039  
1383 462 6 1119 1070 1145 795 976 977  
1383 463 4 1120 1096 1188 1204  
1383 464 4 1121 1318 1359 1378  
1383 465 7 1122 1073 463 604 810 904 905  
1383 466 2 1126 1133  
1383 467 2 1130 1283  
1383 468 2 1132 945  
1383 469 2 1133 1126  
1383 470 3 1139 1138 987  
1383 471 6 1141 1065 1355 1371 56 777  
1383 472 7 1142 1066 1067 921 970 971 972  
1383 473 3 1143 811 911  
1383 474 4 1146 1147 1271 1282  
1383 475 4 1147 1146 1271 1330  
1383 476 2 1150 980  
1383 477 2 1153 855  
1383 478 2 1154 1156  
1383 479 2 1156 1154  
1383 480 2 1161 1162  
1383 481 4 1163 1091 1226 1285  
1383 482 3 1164 1295 1296  
1383 483 2 1172 438  
1383 484 2 1176 512  
1383 485 11 1179 1073 1206 1274 463 604 810 831 904 905 981  
1383 486 2 1182 1184  
1383 487 2 1183 1283  
1383 488 3 1184 1182 1283  
1383 489 2 1186 1105  
1383 490 4 1188 1096 1120 1204  
1383 491 2 1189 530  
1383 492 2 1191 580  
1383 493 3 1193 1082 1249  
1383 494 4 1204 1096 1120 1188  
1383 495 8 1206 1073 1179 463 604 810 904 905  
1383 496 2 1207 1111  
1383 497 2 1208 1112  
1383 498 2 1213 1215  
1383 499 2 1215 1213  
1383 500 2 1225 1284  
1383 501 4 1226 1091 1163 1285  
1383 502 4 1228 1001 1087 988  
1383 503 2 1232 90  
1383 504 2 1233 1234  
1383 505 2 1234 1233  
1383 506 3 1238 1248 959  
1383 507 2 1244 1352  
1383 508 2 1247 1255  
1383 509 3 1248 1238 959  
1383 510 4 1249 1082 1103 1193  
1383 511 2 1250 1313  
1383 512 2 1252 1253  
1383 513 2 1255 1247  
1383 514 4 1256 1257 1258 1259  
1383 515 4 1257 1256 1258 1259  
1383 516 4 1258 1256 1257 1259  
1383 517 4 1259 1256 1257 1258  
1383 518 2 1263 1362  
1383 519 4 1264 1265 1360 1361  
1383 520 3 1267 1268 836  
1383 521 3 1268 1267 836  
1383 522 5 1271 1146 1147 1282 1330  
1383 523 7 1273 1073 1274 463 604 810 904  
1383 524 10 1274 1073 1179 1273 1275 463 604 810 904 905  
1383 525 2 1275 1274  
1383 526 4 1282 1146 1271 1330  
1383 527 5 1283 1130 1183 1184 837  
1383 528 2 1284 1225  
1383 529 4 1285 1091 1163 1226  
1383 530 2 1289 1290  
1383 531 2 1291 1230  
1383 532 2 1293 1294  
1383 533 2 1294 1293  
1383 534 3 1296 1164 1295  
1383 535 4 1299 1300 1325 1346  
1383 536 4 1300 1299 1345 1346  
1383 537 2 1304 1305  
1383 538 2 1307 1308  
1383 539 2 1308 1307  
1383 540 4 1311 1333 1334 1344  
1383 541 2 1313 1250  
1383 542 2 1314 1348  
1383 543 2 1316 1382  
1383 544 4 1317 1113 1354 1377  
1383 545 4 1318 1121 1359 1378  
1383 546 2 1321 1320  
1383 547 2 1322 673  
1383 548 4 1325 1299 1345 1346  
1383 549 4 1327 1326 1360 1361  
1383 550 2 1328 1329  
1383 551 2 1329 1328  
1383 552 4 1330 1147 1271 1282  
1383 553 2 1331 1342  
1383 554 4 1333 1311 1334 1344  
1383 555 4 1334 1311 1333 1344  
1383 556 2 1342 1331  
1383 557 2 1343 1347  
1383 558 4 1344 1311 1333 1334  
1383 559 4 1345 1300 1325 1346  
1383 560 5 1346 1299 1300 1325 1345  
1383 561 2 1347 1343  
1383 562 2 1348 1314  
1383 563 2 1350 1367  
1383 564 2 1351 1366  
1383 565 2 1352 1244  
1383 566 3 1353 1369 1370  
1383 567 4 1354 1113 1317 1377  
1383 568 5 1355 1065 1141 1371 56  
1383 569 3 1356 1359 1378  
1383 570 5 1359 1121 1318 1356 1378  
1383 571 6 1361 1264 1265 1326 1327 1360  
1383 572 2 1362 1263  
1383 573 2 1366 1351  
1383 574 2 1367 1350  
1383 575 2 1369 1353  
1383 576 2 1370 1353  
1383 577 4 1371 1065 1141 1355  
1383 578 4 1377 1113 1317 1354  
1383 579 5 1378 1121 1318 1356 1359  
1383 580 2 1382 1316 
1383 581 3 1383 